{"images":[{"imagefile":"20191108_104640.tiff","M3x4":[[-0.830037475,-0.556614637,-0.034899503,14.7259197],[0.556932628,-0.823961854,-0.104464792,7.62598944],[0.0293907747,-0.106146365,0.993916094,35.677639]]},{"imagefile":"20191108_104644.tiff","M3x4":[[-0.830037475,-0.556614637,-0.034899503,13.1746464],[0.556932628,-0.823961854,-0.104464792,7.90096521],[0.0293907747,-0.106146365,0.993916094,35.9035988]]},{"imagefile":"20191108_104645.tiff","M3x4":[[-0.830037475,-0.556614637,-0.034899503,12.1935854],[0.556932628,-0.823961854,-0.104464792,7.95733356],[0.0293907747,-0.106146365,0.993916094,35.7241554]]},{"imagefile":"20191108_104647.tiff","M3x4":[[-0.830037475,-0.556614637,-0.034899503,11.2846231],[0.556932628,-0.823961854,-0.104464792,8.02601814],[0.0293907747,-0.106146365,0.993916094,35.5988503]]},{"imagefile":"20191108_104649.tiff","M3x4":[[-0.830037475,-0.556614637,-0.034899503,10.312993],[0.556932628,-0.823961854,-0.104464792,8.11048126],[0.0293907747,-0.106146365,0.993916094,35.674221]]},{"imagefile":"20191108_104651.tiff","M3x4":[[-0.830037475,-0.556614637,-0.034899503,9.22032928],[0.556932628,-0.823961854,-0.104464792,8.1222105],[0.0293907747,-0.106146365,0.993916094,35.6873894]]},{"imagefile":"20191108_104652.tiff","M3x4":[[-0.830037475,-0.556614637,-0.034899503,8.19818401],[0.556932628,-0.823961854,-0.104464792,8.11446095],[0.0293907747,-0.106146365,0.993916094,35.8016052]]},{"imagefile":"20191108_104654.tiff","M3x4":[[-0.830037475,-0.556614637,-0.034899503,7.2286253],[0.556932628,-0.823961854,-0.104464792,8.15099812],[0.0293907747,-0.106146365,0.993916094,35.8217087]]},{"imagefile":"20191108_104656.tiff","M3x4":[[-0.830037475,-0.556614637,-0.034899503,6.17401838],[0.556932628,-0.823961854,-0.104464792,8.27637386],[0.0293907747,-0.106146365,0.993916094,35.7978516]]},{"imagefile":"20191108_104657.tiff","M3x4":[[-0.830037475,-0.556614637,-0.034899503,5.1357398],[0.556932628,-0.823961854,-0.104464792,8.46402168],[0.0293907747,-0.106146365,0.993916094,35.8314209]]},{"imagefile":"20191108_104659.tiff","M3x4":[[-0.830037475,-0.556614637,-0.034899503,4.12524033],[0.556932628,-0.823961854,-0.104464792,8.58584309],[0.0293907747,-0.106146365,0.993916094,35.6075172]]},{"imagefile":"20191108_104700.tiff","M3x4":[[-0.830037475,-0.556614637,-0.034899503,3.11086535],[0.556932628,-0.823961854,-0.104464792,8.60581493],[0.0293907747,-0.106146365,0.993916094,35.6746178]]},{"imagefile":"20191108_104702.tiff","M3x4":[[-0.830037475,-0.556614637,-0.034899503,2.09022188],[0.556932628,-0.823961854,-0.104464792,8.64314938],[0.0293907747,-0.106146365,0.993916094,35.7433167]]},{"imagefile":"20191108_104704.tiff","M3x4":[[-0.830037475,-0.556614637,-0.034899503,0.94203198],[0.556932628,-0.823961854,-0.104464792,8.66497231],[0.0293907747,-0.106146365,0.993916094,35.7555962]]},{"imagefile":"20191108_104705.tiff","M3x4":[[-0.830037475,-0.556614637,-0.034899503,0.0333161987],[0.556932628,-0.823961854,-0.104464792,8.6937952],[0.0293907747,-0.106146365,0.993916094,35.6261101]]},{"imagefile":"20191108_104707.tiff","M3x4":[[-0.830037475,-0.556614637,-0.034899503,-0.884043753],[0.556932628,-0.823961854,-0.104464792,8.68321609],[0.0293907747,-0.106146365,0.993916094,35.7437019]]},{"imagefile":"20191108_104708.tiff","M3x4":[[-0.830037475,-0.556614637,-0.034899503,-1.90324223],[0.556932628,-0.823961854,-0.104464792,8.63922024],[0.0293907747,-0.106146365,0.993916094,35.6026764]]},{"imagefile":"20191108_104710.tiff","M3x4":[[-0.830037475,-0.556614637,-0.034899503,-2.96583843],[0.556932628,-0.823961854,-0.104464792,8.63703156],[0.0293907747,-0.106146365,0.993916094,35.4645233]]},{"imagefile":"20191108_104711.tiff","M3x4":[[-0.830037475,-0.556614637,-0.034899503,-4.00891733],[0.556932628,-0.823961854,-0.104464792,8.60287857],[0.0293907747,-0.106146365,0.993916094,35.474617]]},{"imagefile":"20191108_104713.tiff","M3x4":[[-0.830037475,-0.556614637,-0.034899503,-5.08958578],[0.556932628,-0.823961854,-0.104464792,8.53319168],[0.0293907747,-0.106146365,0.993916094,35.3287354]]},{"imagefile":"20191108_104714.tiff","M3x4":[[-0.830037475,-0.556614637,-0.034899503,-6.01970053],[0.556932628,-0.823961854,-0.104464792,8.45749569],[0.0293907747,-0.106146365,0.993916094,35.2881203]]},{"imagefile":"20191108_104716.tiff","M3x4":[[-0.830037475,-0.556614637,-0.034899503,-7.09371996],[0.556932628,-0.823961854,-0.104464792,8.44371033],[0.0293907747,-0.106146365,0.993916094,35.299263]]},{"imagefile":"20191108_104717.tiff","M3x4":[[-0.830037475,-0.556614637,-0.034899503,-8.01426601],[0.556932628,-0.823961854,-0.104464792,8.52737236],[0.0293907747,-0.106146365,0.993916094,35.3260384]]},{"imagefile":"20191108_104719.tiff","M3x4":[[-0.830037475,-0.556614637,-0.034899503,-9.0195322],[0.556932628,-0.823961854,-0.104464792,8.64672279],[0.0293907747,-0.106146365,0.993916094,35.3032875]]},{"imagefile":"20191108_104721.tiff","M3x4":[[-0.830037475,-0.556614637,-0.034899503,-10.0613537],[0.556932628,-0.823961854,-0.104464792,8.69751072],[0.0293907747,-0.106146365,0.993916094,35.2720451]]},{"imagefile":"20191108_104722.tiff","M3x4":[[-0.830037475,-0.556614637,-0.034899503,-11.0351944],[0.556932628,-0.823961854,-0.104464792,8.71676826],[0.0293907747,-0.106146365,0.993916094,35.2398682]]},{"imagefile":"20191108_104724.tiff","M3x4":[[-0.830037475,-0.556614637,-0.034899503,-12.103838],[0.556932628,-0.823961854,-0.104464792,8.83177662],[0.0293907747,-0.106146365,0.993916094,35.26474]]},{"imagefile":"20191108_104725.tiff","M3x4":[[-0.830037475,-0.556614637,-0.034899503,-13.1056147],[0.556932628,-0.823961854,-0.104464792,8.9615736],[0.0293907747,-0.106146365,0.993916094,35.1425972]]},{"imagefile":"20191108_104727.tiff","M3x4":[[-0.830037475,-0.556614637,-0.034899503,-14.1615572],[0.556932628,-0.823961854,-0.104464792,9.01528645],[0.0293907747,-0.106146365,0.993916094,35.1614685]]},{"imagefile":"20191108_104728.tiff","M3x4":[[-0.830037475,-0.556614637,-0.034899503,-15.0896282],[0.556932628,-0.823961854,-0.104464792,9.03136253],[0.0293907747,-0.106146365,0.993916094,35.2311821]]}]}