{"images":[{"imagefile":"20191108_105423.tiff","M3x4":[[-0.830037475,-0.556614637,-0.034899503,-16.5745583],[0.556932628,-0.823961854,-0.104464792,-15.9685373],[0.0293907747,-0.106146365,0.993916094,32.3502235]]},{"imagefile":"20191108_105426.tiff","M3x4":[[-0.830037475,-0.556614637,-0.034899503,-15.6583061],[0.556932628,-0.823961854,-0.104464792,-16.5115547],[0.0293907747,-0.106146365,0.993916094,32.4762421]]},{"imagefile":"20191108_105428.tiff","M3x4":[[-0.830037475,-0.556614637,-0.034899503,-14.6161613],[0.556932628,-0.823961854,-0.104464792,-16.6154881],[0.0293907747,-0.106146365,0.993916094,32.5019112]]},{"imagefile":"20191108_105429.tiff","M3x4":[[-0.830037475,-0.556614637,-0.034899503,-13.5361805],[0.556932628,-0.823961854,-0.104464792,-16.7237549],[0.0293907747,-0.106146365,0.993916094,32.6793709]]},{"imagefile":"20191108_105431.tiff","M3x4":[[-0.830037475,-0.556614637,-0.034899503,-12.5128202],[0.556932628,-0.823961854,-0.104464792,-16.9334431],[0.0293907747,-0.106146365,0.993916094,32.8944893]]},{"imagefile":"20191108_105433.tiff","M3x4":[[-0.830037475,-0.556614637,-0.034899503,-11.5595112],[0.556932628,-0.823961854,-0.104464792,-17.0455379],[0.0293907747,-0.106146365,0.993916094,32.815567]]},{"imagefile":"20191108_105434.tiff","M3x4":[[-0.830037475,-0.556614637,-0.034899503,-10.4991302],[0.556932628,-0.823961854,-0.104464792,-17.108551],[0.0293907747,-0.106146365,0.993916094,32.84618]]},{"imagefile":"20191108_105436.tiff","M3x4":[[-0.830037475,-0.556614637,-0.034899503,-9.54407787],[0.556932628,-0.823961854,-0.104464792,-17.2335606],[0.0293907747,-0.106146365,0.993916094,33.0678024]]},{"imagefile":"20191108_105437.tiff","M3x4":[[-0.830037475,-0.556614637,-0.034899503,-8.53510189],[0.556932628,-0.823961854,-0.104464792,-17.2244892],[0.0293907747,-0.106146365,0.993916094,32.8023491]]},{"imagefile":"20191108_105439.tiff","M3x4":[[-0.830037475,-0.556614637,-0.034899503,-7.51708221],[0.556932628,-0.823961854,-0.104464792,-17.2787247],[0.0293907747,-0.106146365,0.993916094,32.9833069]]},{"imagefile":"20191108_105441.tiff","M3x4":[[-0.830037475,-0.556614637,-0.034899503,-6.46296692],[0.556932628,-0.823961854,-0.104464792,-17.3243752],[0.0293907747,-0.106146365,0.993916094,33.015522]]},{"imagefile":"20191108_105443.tiff","M3x4":[[-0.830037475,-0.556614637,-0.034899503,-5.36501503],[0.556932628,-0.823961854,-0.104464792,-17.1940193],[0.0293907747,-0.106146365,0.993916094,33.0174675]]},{"imagefile":"20191108_105444.tiff","M3x4":[[-0.830037475,-0.556614637,-0.034899503,-4.38436508],[0.556932628,-0.823961854,-0.104464792,-17.1839523],[0.0293907747,-0.106146365,0.993916094,33.2038841]]},{"imagefile":"20191108_105446.tiff","M3x4":[[-0.830037475,-0.556614637,-0.034899503,-3.49072576],[0.556932628,-0.823961854,-0.104464792,-17.1901073],[0.0293907747,-0.106146365,0.993916094,33.2346153]]},{"imagefile":"20191108_105447.tiff","M3x4":[[-0.830037475,-0.556614637,-0.034899503,-2.50491929],[0.556932628,-0.823961854,-0.104464792,-17.1510773],[0.0293907747,-0.106146365,0.993916094,33.2733307]]},{"imagefile":"20191108_105449.tiff","M3x4":[[-0.830037475,-0.556614637,-0.034899503,-1.41114676],[0.556932628,-0.823961854,-0.104464792,-17.2091255],[0.0293907747,-0.106146365,0.993916094,33.40625]]},{"imagefile":"20191108_105451.tiff","M3x4":[[-0.830037475,-0.556614637,-0.034899503,-0.404708445],[0.556932628,-0.823961854,-0.104464792,-17.2302475],[0.0293907747,-0.106146365,0.993916094,33.389061]]},{"imagefile":"20191108_105452.tiff","M3x4":[[-0.830037475,-0.556614637,-0.034899503,0.550728917],[0.556932628,-0.823961854,-0.104464792,-17.2638569],[0.0293907747,-0.106146365,0.993916094,33.419075]]},{"imagefile":"20191108_105454.tiff","M3x4":[[-0.830037475,-0.556614637,-0.034899503,1.67416513],[0.556932628,-0.823961854,-0.104464792,-17.2693825],[0.0293907747,-0.106146365,0.993916094,33.4076385]]},{"imagefile":"20191108_105459.tiff","M3x4":[[-0.830037475,-0.556614637,-0.034899503,4.64817905],[0.556932628,-0.823961854,-0.104464792,-17.2695923],[0.0293907747,-0.106146365,0.993916094,33.4114265]]},{"imagefile":"20191108_105501.tiff","M3x4":[[-0.830037475,-0.556614637,-0.034899503,5.67707825],[0.556932628,-0.823961854,-0.104464792,-17.3589249],[0.0293907747,-0.106146365,0.993916094,33.2872543]]},{"imagefile":"20191108_105502.tiff","M3x4":[[-0.830037475,-0.556614637,-0.034899503,6.64172649],[0.556932628,-0.823961854,-0.104464792,-17.4642792],[0.0293907747,-0.106146365,0.993916094,33.4106636]]},{"imagefile":"20191108_105504.tiff","M3x4":[[-0.830037475,-0.556614637,-0.034899503,7.66973066],[0.556932628,-0.823961854,-0.104464792,-17.4074593],[0.0293907747,-0.106146365,0.993916094,33.3018112]]},{"imagefile":"20191108_105506.tiff","M3x4":[[-0.830037475,-0.556614637,-0.034899503,8.72210121],[0.556932628,-0.823961854,-0.104464792,-17.458334],[0.0293907747,-0.106146365,0.993916094,33.3837242]]},{"imagefile":"20191108_105507.tiff","M3x4":[[-0.830037475,-0.556614637,-0.034899503,9.84362888],[0.556932628,-0.823961854,-0.104464792,-17.4425144],[0.0293907747,-0.106146365,0.993916094,33.4247665]]},{"imagefile":"20191108_105509.tiff","M3x4":[[-0.830037475,-0.556614637,-0.034899503,10.802392],[0.556932628,-0.823961854,-0.104464792,-17.439106],[0.0293907747,-0.106146365,0.993916094,33.3581772]]},{"imagefile":"20191108_105511.tiff","M3x4":[[-0.830037475,-0.556614637,-0.034899503,11.8118544],[0.556932628,-0.823961854,-0.104464792,-17.5278969],[0.0293907747,-0.106146365,0.993916094,33.434597]]},{"imagefile":"20191108_105513.tiff","M3x4":[[-0.830037475,-0.556614637,-0.034899503,12.8290052],[0.556932628,-0.823961854,-0.104464792,-17.5756817],[0.0293907747,-0.106146365,0.993916094,33.4652901]]}]}