{"images":[{"imagefile":"20191108_104732.tiff","M3x4":[[-0.830037475,-0.556614637,-0.034899503,-15.125536],[0.556932628,-0.823961854,-0.104464792,6.98475266],[0.0293907747,-0.106146365,0.993916094,35.1657333]]},{"imagefile":"20191108_104735.tiff","M3x4":[[-0.830037475,-0.556614637,-0.034899503,-14.1737909],[0.556932628,-0.823961854,-0.104464792,6.25908041],[0.0293907747,-0.106146365,0.993916094,35.1731873]]},{"imagefile":"20191108_104737.tiff","M3x4":[[-0.830037475,-0.556614637,-0.034899503,-13.0900145],[0.556932628,-0.823961854,-0.104464792,6.26595116],[0.0293907747,-0.106146365,0.993916094,35.0610466]]},{"imagefile":"20191108_104739.tiff","M3x4":[[-0.830037475,-0.556614637,-0.034899503,-11.945014],[0.556932628,-0.823961854,-0.104464792,6.32023621],[0.0293907747,-0.106146365,0.993916094,35.3081818]]},{"imagefile":"20191108_104740.tiff","M3x4":[[-0.830037475,-0.556614637,-0.034899503,-11.0293198],[0.556932628,-0.823961854,-0.104464792,6.31230736],[0.0293907747,-0.106146365,0.993916094,35.2388878]]},{"imagefile":"20191108_104742.tiff","M3x4":[[-0.830037475,-0.556614637,-0.034899503,-10.0492935],[0.556932628,-0.823961854,-0.104464792,6.28897476],[0.0293907747,-0.106146365,0.993916094,35.2708473]]},{"imagefile":"20191108_104744.tiff","M3x4":[[-0.830037475,-0.556614637,-0.034899503,-9.07204628],[0.556932628,-0.823961854,-0.104464792,6.29345131],[0.0293907747,-0.106146365,0.993916094,35.2050209]]},{"imagefile":"20191108_104746.tiff","M3x4":[[-0.830037475,-0.556614637,-0.034899503,-8.02477074],[0.556932628,-0.823961854,-0.104464792,6.35817051],[0.0293907747,-0.106146365,0.993916094,35.2485962]]},{"imagefile":"20191108_104748.tiff","M3x4":[[-0.830037475,-0.556614637,-0.034899503,-7.00952578],[0.556932628,-0.823961854,-0.104464792,6.33174229],[0.0293907747,-0.106146365,0.993916094,35.3317757]]},{"imagefile":"20191108_104750.tiff","M3x4":[[-0.830037475,-0.556614637,-0.034899503,-5.84064674],[0.556932628,-0.823961854,-0.104464792,6.37618494],[0.0293907747,-0.106146365,0.993916094,35.4277954]]},{"imagefile":"20191108_104753.tiff","M3x4":[[-0.830037475,-0.556614637,-0.034899503,-3.90643668],[0.556932628,-0.823961854,-0.104464792,6.23429918],[0.0293907747,-0.106146365,0.993916094,35.5311012]]},{"imagefile":"20191108_104754.tiff","M3x4":[[-0.830037475,-0.556614637,-0.034899503,-2.85232019],[0.556932628,-0.823961854,-0.104464792,6.18864727],[0.0293907747,-0.106146365,0.993916094,35.5633163]]},{"imagefile":"20191108_104756.tiff","M3x4":[[-0.830037475,-0.556614637,-0.034899503,-1.89363587],[0.556932628,-0.823961854,-0.104464792,6.20534468],[0.0293907747,-0.106146365,0.993916094,35.498127]]},{"imagefile":"20191108_104758.tiff","M3x4":[[-0.830037475,-0.556614637,-0.034899503,-0.894882679],[0.556932628,-0.823961854,-0.104464792,6.14321518],[0.0293907747,-0.106146365,0.993916094,35.5266609]]},{"imagefile":"20191108_104759.tiff","M3x4":[[-0.830037475,-0.556614637,-0.034899503,0.0542044565],[0.556932628,-0.823961854,-0.104464792,6.14025307],[0.0293907747,-0.106146365,0.993916094,35.5596733]]},{"imagefile":"20191108_104801.tiff","M3x4":[[-0.830037475,-0.556614637,-0.034899503,1.1554265],[0.556932628,-0.823961854,-0.104464792,6.16307735],[0.0293907747,-0.106146365,0.993916094,35.6510468]]},{"imagefile":"20191108_104803.tiff","M3x4":[[-0.830037475,-0.556614637,-0.034899503,2.20908046],[0.556932628,-0.823961854,-0.104464792,6.05744934],[0.0293907747,-0.106146365,0.993916094,35.5260239]]},{"imagefile":"20191108_104804.tiff","M3x4":[[-0.830037475,-0.556614637,-0.034899503,3.26224494],[0.556932628,-0.823961854,-0.104464792,6.03154039],[0.0293907747,-0.106146365,0.993916094,35.4093628]]},{"imagefile":"20191108_104806.tiff","M3x4":[[-0.830037475,-0.556614637,-0.034899503,4.18071938],[0.556932628,-0.823961854,-0.104464792,5.99580193],[0.0293907747,-0.106146365,0.993916094,35.4378624]]},{"imagefile":"20191108_104808.tiff","M3x4":[[-0.830037475,-0.556614637,-0.034899503,5.21635532],[0.556932628,-0.823961854,-0.104464792,5.94908667],[0.0293907747,-0.106146365,0.993916094,35.4693108]]},{"imagefile":"20191108_104809.tiff","M3x4":[[-0.830037475,-0.556614637,-0.034899503,6.17179394],[0.556932628,-0.823961854,-0.104464792,5.91547346],[0.0293907747,-0.106146365,0.993916094,35.4993286]]},{"imagefile":"20191108_104811.tiff","M3x4":[[-0.830037475,-0.556614637,-0.034899503,7.22558498],[0.556932628,-0.823961854,-0.104464792,5.92296696],[0.0293907747,-0.106146365,0.993916094,35.537117]]},{"imagefile":"20191108_104813.tiff","M3x4":[[-0.830037475,-0.556614637,-0.034899503,8.20610142],[0.556932628,-0.823961854,-0.104464792,5.819911],[0.0293907747,-0.106146365,0.993916094,35.5607185]]},{"imagefile":"20191108_104814.tiff","M3x4":[[-0.830037475,-0.556614637,-0.034899503,9.25656509],[0.556932628,-0.823961854,-0.104464792,5.79038525],[0.0293907747,-0.106146365,0.993916094,35.6951103]]},{"imagefile":"20191108_104816.tiff","M3x4":[[-0.830037475,-0.556614637,-0.034899503,10.2811642],[0.556932628,-0.823961854,-0.104464792,5.82347298],[0.0293907747,-0.106146365,0.993916094,35.6842575]]},{"imagefile":"20191108_104818.tiff","M3x4":[[-0.830037475,-0.556614637,-0.034899503,11.3320942],[0.556932628,-0.823961854,-0.104464792,5.8720603],[0.0293907747,-0.106146365,0.993916094,35.6256523]]},{"imagefile":"20191108_104820.tiff","M3x4":[[-0.830037475,-0.556614637,-0.034899503,12.3717661],[0.556932628,-0.823961854,-0.104464792,5.88247919],[0.0293907747,-0.106146365,0.993916094,35.7135582]]},{"imagefile":"20191108_104821.tiff","M3x4":[[-0.830037475,-0.556614637,-0.034899503,13.0072899],[0.556932628,-0.823961854,-0.104464792,5.89483261],[0.0293907747,-0.106146365,0.993916094,35.8880882]]}]}