{"images":[{"imagefile":"20191108_104826.tiff","M3x4":[[-0.830037475,-0.556614637,-0.034899503,12.5671301],[0.556932628,-0.823961854,-0.104464792,3.01555276],[0.0293907747,-0.106146365,0.993916094,35.6203232]]},{"imagefile":"20191108_104828.tiff","M3x4":[[-0.830037475,-0.556614637,-0.034899503,11.7279005],[0.556932628,-0.823961854,-0.104464792,3.05793262],[0.0293907747,-0.106146365,0.993916094,35.4443855]]},{"imagefile":"20191108_104829.tiff","M3x4":[[-0.830037475,-0.556614637,-0.034899503,10.7458019],[0.556932628,-0.823961854,-0.104464792,3.12919164],[0.0293907747,-0.106146365,0.993916094,35.4676971]]},{"imagefile":"20191108_104831.tiff","M3x4":[[-0.830037475,-0.556614637,-0.034899503,9.71643448],[0.556932628,-0.823961854,-0.104464792,3.15854764],[0.0293907747,-0.106146365,0.993916094,35.434639]]},{"imagefile":"20191108_104833.tiff","M3x4":[[-0.830037475,-0.556614637,-0.034899503,8.71825314],[0.556932628,-0.823961854,-0.104464792,3.12767315],[0.0293907747,-0.106146365,0.993916094,35.3963432]]},{"imagefile":"20191108_104835.tiff","M3x4":[[-0.830037475,-0.556614637,-0.034899503,7.69368076],[0.556932628,-0.823961854,-0.104464792,2.95488644],[0.0293907747,-0.106146365,0.993916094,35.2416]]},{"imagefile":"20191108_104837.tiff","M3x4":[[-0.830037475,-0.556614637,-0.034899503,6.56596184],[0.556932628,-0.823961854,-0.104464792,2.94313622],[0.0293907747,-0.106146365,0.993916094,35.2007637]]},{"imagefile":"20191108_104838.tiff","M3x4":[[-0.830037475,-0.556614637,-0.034899503,5.59070444],[0.556932628,-0.823961854,-0.104464792,2.90402675],[0.0293907747,-0.106146365,0.993916094,35.2127151]]},{"imagefile":"20191108_104839.tiff","M3x4":[[-0.830037475,-0.556614637,-0.034899503,4.61670208],[0.556932628,-0.823961854,-0.104464792,2.94985962],[0.0293907747,-0.106146365,0.993916094,35.1833344]]},{"imagefile":"20191108_104841.tiff","M3x4":[[-0.830037475,-0.556614637,-0.034899503,3.58684778],[0.556932628,-0.823961854,-0.104464792,3.05893731],[0.0293907747,-0.106146365,0.993916094,35.1586342]]},{"imagefile":"20191108_104843.tiff","M3x4":[[-0.830037475,-0.556614637,-0.034899503,2.60919309],[0.556932628,-0.823961854,-0.104464792,3.12089872],[0.0293907747,-0.106146365,0.993916094,35.2314301]]},{"imagefile":"20191108_104844.tiff","M3x4":[[-0.830037475,-0.556614637,-0.034899503,1.54929602],[0.556932628,-0.823961854,-0.104464792,3.10419154],[0.0293907747,-0.106146365,0.993916094,35.1924553]]},{"imagefile":"20191108_104846.tiff","M3x4":[[-0.830037475,-0.556614637,-0.034899503,0.601219833],[0.556932628,-0.823961854,-0.104464792,3.23195791],[0.0293907747,-0.106146365,0.993916094,35.1222916]]},{"imagefile":"20191108_104848.tiff","M3x4":[[-0.830037475,-0.556614637,-0.034899503,-0.542690158],[0.556932628,-0.823961854,-0.104464792,3.27105665],[0.0293907747,-0.106146365,0.993916094,35.1868477]]},{"imagefile":"20191108_104849.tiff","M3x4":[[-0.830037475,-0.556614637,-0.034899503,-1.49662805],[0.556932628,-0.823961854,-0.104464792,3.34975052],[0.0293907747,-0.106146365,0.993916094,35.1113167]]},{"imagefile":"20191108_104851.tiff","M3x4":[[-0.830037475,-0.556614637,-0.034899503,-2.48442388],[0.556932628,-0.823961854,-0.104464792,3.34536171],[0.0293907747,-0.106146365,0.993916094,35.1264763]]},{"imagefile":"20191108_104852.tiff","M3x4":[[-0.830037475,-0.556614637,-0.034899503,-3.46096039],[0.556932628,-0.823961854,-0.104464792,3.37914062],[0.0293907747,-0.106146365,0.993916094,34.9951248]]},{"imagefile":"20191108_104854.tiff","M3x4":[[-0.830037475,-0.556614637,-0.034899503,-4.75607443],[0.556932628,-0.823961854,-0.104464792,3.53054261],[0.0293907747,-0.106146365,0.993916094,34.9655609]]},{"imagefile":"20191108_104856.tiff","M3x4":[[-0.830037475,-0.556614637,-0.034899503,-5.45451164],[0.556932628,-0.823961854,-0.104464792,3.57382464],[0.0293907747,-0.106146365,0.993916094,34.9958954]]},{"imagefile":"20191108_104857.tiff","M3x4":[[-0.830037475,-0.556614637,-0.034899503,-6.5108614],[0.556932628,-0.823961854,-0.104464792,3.69397306],[0.0293907747,-0.106146365,0.993916094,35.0217323]]},{"imagefile":"20191108_104859.tiff","M3x4":[[-0.830037475,-0.556614637,-0.034899503,-7.60327959],[0.556932628,-0.823961854,-0.104464792,3.66583705],[0.0293907747,-0.106146365,0.993916094,35.0307274]]},{"imagefile":"20191108_104901.tiff","M3x4":[[-0.830037475,-0.556614637,-0.034899503,-8.53489494],[0.556932628,-0.823961854,-0.104464792,3.54505754],[0.0293907747,-0.106146365,0.993916094,35.0356255]]},{"imagefile":"20191108_104903.tiff","M3x4":[[-0.830037475,-0.556614637,-0.034899503,-9.60375786],[0.556932628,-0.823961854,-0.104464792,3.56022954],[0.0293907747,-0.106146365,0.993916094,34.8990784]]},{"imagefile":"20191108_104904.tiff","M3x4":[[-0.830037475,-0.556614637,-0.034899503,-10.6229563],[0.556932628,-0.823961854,-0.104464792,3.51623392],[0.0293907747,-0.106146365,0.993916094,34.7580528]]},{"imagefile":"20191108_104906.tiff","M3x4":[[-0.830037475,-0.556614637,-0.034899503,-11.6572857],[0.556932628,-0.823961854,-0.104464792,3.35035729],[0.0293907747,-0.106146365,0.993916094,34.7043037]]},{"imagefile":"20191108_104907.tiff","M3x4":[[-0.830037475,-0.556614637,-0.034899503,-12.6683912],[0.556932628,-0.823961854,-0.104464792,3.26279807],[0.0293907747,-0.106146365,0.993916094,34.8608208]]},{"imagefile":"20191108_104909.tiff","M3x4":[[-0.830037475,-0.556614637,-0.034899503,-13.6750765],[0.556932628,-0.823961854,-0.104464792,3.3237772],[0.0293907747,-0.106146365,0.993916094,34.8821869]]},{"imagefile":"20191108_104910.tiff","M3x4":[[-0.830037475,-0.556614637,-0.034899503,-14.5753136],[0.556932628,-0.823961854,-0.104464792,3.40043688],[0.0293907747,-0.106146365,0.993916094,34.8586349]]},{"imagefile":"20191108_104914.tiff","M3x4":[[-0.830037475,-0.556614637,-0.034899503,-15.8408947],[0.556932628,-0.823961854,-0.104464792,2.46736979],[0.0293907747,-0.106146365,0.993916094,34.7664299]]}]}