{"images":[{"imagefile":"20191108_104916.tiff","M3x4":[[-0.830037475,-0.556614637,-0.034899503,-15.6627827],[0.556932628,-0.823961854,-0.104464792,0.847887874],[0.0293907747,-0.106146365,0.993916094,34.552166]]},{"imagefile":"20191108_104919.tiff","M3x4":[[-0.830037475,-0.556614637,-0.034899503,-14.5188732],[0.556932628,-0.823961854,-0.104464792,0.808792293],[0.0293907747,-0.106146365,0.993916094,34.4876099]]},{"imagefile":"20191108_104920.tiff","M3x4":[[-0.830037475,-0.556614637,-0.034899503,-13.5755692],[0.556932628,-0.823961854,-0.104464792,0.743472993],[0.0293907747,-0.106146365,0.993916094,34.5138664]]},{"imagefile":"20191108_104922.tiff","M3x4":[[-0.830037475,-0.556614637,-0.034899503,-12.5554962],[0.556932628,-0.823961854,-0.104464792,0.799150288],[0.0293907747,-0.106146365,0.993916094,34.4549217]]},{"imagefile":"20191108_104924.tiff","M3x4":[[-0.830037475,-0.556614637,-0.034899503,-11.5659332],[0.556932628,-0.823961854,-0.104464792,0.650928915],[0.0293907747,-0.106146365,0.993916094,34.574707]]},{"imagefile":"20191108_104925.tiff","M3x4":[[-0.830037475,-0.556614637,-0.034899503,-10.5792313],[0.556932628,-0.823961854,-0.104464792,0.543800592],[0.0293907747,-0.106146365,0.993916094,34.5980949]]},{"imagefile":"20191108_104927.tiff","M3x4":[[-0.830037475,-0.556614637,-0.034899503,-9.5017252],[0.556932628,-0.823961854,-0.104464792,0.568032026],[0.0293907747,-0.106146365,0.993916094,34.4875565]]},{"imagefile":"20191108_104929.tiff","M3x4":[[-0.830037475,-0.556614637,-0.034899503,-8.52486324],[0.556932628,-0.823961854,-0.104464792,0.481105953],[0.0293907747,-0.106146365,0.993916094,34.6133347]]},{"imagefile":"20191108_104930.tiff","M3x4":[[-0.830037475,-0.556614637,-0.034899503,-7.51657295],[0.556932628,-0.823961854,-0.104464792,0.294087261],[0.0293907747,-0.106146365,0.993916094,34.7296906]]},{"imagefile":"20191108_104932.tiff","M3x4":[[-0.830037475,-0.556614637,-0.034899503,-6.47611141],[0.556932628,-0.823961854,-0.104464792,0.329476684],[0.0293907747,-0.106146365,0.993916094,34.6190262]]},{"imagefile":"20191108_104934.tiff","M3x4":[[-0.830037475,-0.556614637,-0.034899503,-5.42049551],[0.556932628,-0.823961854,-0.104464792,0.328909636],[0.0293907747,-0.106146365,0.993916094,34.6057281]]},{"imagefile":"20191108_104935.tiff","M3x4":[[-0.830037475,-0.556614637,-0.034899503,-4.43785381],[0.556932628,-0.823961854,-0.104464792,0.304342508],[0.0293907747,-0.106146365,0.993916094,34.7382622]]},{"imagefile":"20191108_104937.tiff","M3x4":[[-0.830037475,-0.556614637,-0.034899503,-3.37994647],[0.556932628,-0.823961854,-0.104464792,0.35568881],[0.0293907747,-0.106146365,0.993916094,34.8311081]]},{"imagefile":"20191108_104939.tiff","M3x4":[[-0.830037475,-0.556614637,-0.034899503,-2.44086337],[0.556932628,-0.823961854,-0.104464792,0.399502456],[0.0293907747,-0.106146365,0.993916094,34.9692993]]},{"imagefile":"20191108_104940.tiff","M3x4":[[-0.830037475,-0.556614637,-0.034899503,-1.36237872],[0.556932628,-0.823961854,-0.104464792,0.264288813],[0.0293907747,-0.106146365,0.993916094,34.8420448]]},{"imagefile":"20191108_104942.tiff","M3x4":[[-0.830037475,-0.556614637,-0.034899503,-0.359427929],[0.556932628,-0.823961854,-0.104464792,0.232721478],[0.0293907747,-0.106146365,0.993916094,34.9242477]]},{"imagefile":"20191108_104943.tiff","M3x4":[[-0.830037475,-0.556614637,-0.034899503,0.685069382],[0.556932628,-0.823961854,-0.104464792,0.325246423],[0.0293907747,-0.106146365,0.993916094,34.8700333]]},{"imagefile":"20191108_104945.tiff","M3x4":[[-0.830037475,-0.556614637,-0.034899503,1.66945636],[0.556932628,-0.823961854,-0.104464792,0.305901527],[0.0293907747,-0.106146365,0.993916094,34.9528732]]},{"imagefile":"20191108_104947.tiff","M3x4":[[-0.830037475,-0.556614637,-0.034899503,2.5736475],[0.556932628,-0.823961854,-0.104464792,0.299661905],[0.0293907747,-0.106146365,0.993916094,35.0342712]]},{"imagefile":"20191108_104948.tiff","M3x4":[[-0.830037475,-0.556614637,-0.034899503,3.78616762],[0.556932628,-0.823961854,-0.104464792,0.262435913],[0.0293907747,-0.106146365,0.993916094,35.1232376]]},{"imagefile":"20191108_104950.tiff","M3x4":[[-0.830037475,-0.556614637,-0.034899503,4.74185038],[0.556932628,-0.823961854,-0.104464792,0.188963175],[0.0293907747,-0.106146365,0.993916094,35.1490746]]},{"imagefile":"20191108_104952.tiff","M3x4":[[-0.830037475,-0.556614637,-0.034899503,5.87251091],[0.556932628,-0.823961854,-0.104464792,0.146331832],[0.0293907747,-0.106146365,0.993916094,35.2849045]]},{"imagefile":"20191108_104953.tiff","M3x4":[[-0.830037475,-0.556614637,-0.034899503,6.64852905],[0.556932628,-0.823961854,-0.104464792,0.0911781937],[0.0293907747,-0.106146365,0.993916094,35.1554413]]},{"imagefile":"20191108_104955.tiff","M3x4":[[-0.830037475,-0.556614637,-0.034899503,7.70288944],[0.556932628,-0.823961854,-0.104464792,0.00566302147],[0.0293907747,-0.106146365,0.993916094,35.1834755]]},{"imagefile":"20191108_104957.tiff","M3x4":[[-0.830037475,-0.556614637,-0.034899503,8.77072048],[0.556932628,-0.823961854,-0.104464792,0.0235186033],[0.0293907747,-0.106146365,0.993916094,35.1725388]]},{"imagefile":"20191108_104959.tiff","M3x4":[[-0.830037475,-0.556614637,-0.034899503,9.77034473],[0.556932628,-0.823961854,-0.104464792,-0.0450712182],[0.0293907747,-0.106146365,0.993916094,35.3513489]]},{"imagefile":"20191108_105000.tiff","M3x4":[[-0.830037475,-0.556614637,-0.034899503,10.8405457],[0.556932628,-0.823961854,-0.104464792,0.0114096683],[0.0293907747,-0.106146365,0.993916094,35.4451675]]},{"imagefile":"20191108_105002.tiff","M3x4":[[-0.830037475,-0.556614637,-0.034899503,11.7639532],[0.556932628,-0.823961854,-0.104464792,-0.113349237],[0.0293907747,-0.106146365,0.993916094,35.5147896]]},{"imagefile":"20191108_105004.tiff","M3x4":[[-0.830037475,-0.556614637,-0.034899503,12.6592827],[0.556932628,-0.823961854,-0.104464792,-0.25883007],[0.0293907747,-0.106146365,0.993916094,35.6818504]]}]}