{"images":[{"imagefile":"20191108_105009.tiff","M3x4":[[-0.830037475,-0.556614637,-0.034899503,12.5161924],[0.556932628,-0.823961854,-0.104464792,-3.18912816],[0.0293907747,-0.106146365,0.993916094,35.217926]]},{"imagefile":"20191108_105010.tiff","M3x4":[[-0.830037475,-0.556614637,-0.034899503,11.505146],[0.556932628,-0.823961854,-0.104464792,-3.13213491],[0.0293907747,-0.106146365,0.993916094,35.1884155]]},{"imagefile":"20191108_105012.tiff","M3x4":[[-0.830037475,-0.556614637,-0.034899503,10.5131283],[0.556932628,-0.823961854,-0.104464792,-3.027385],[0.0293907747,-0.106146365,0.993916094,35.315506]]},{"imagefile":"20191108_105014.tiff","M3x4":[[-0.830037475,-0.556614637,-0.034899503,9.51644516],[0.556932628,-0.823961854,-0.104464792,-3.01317596],[0.0293907747,-0.106146365,0.993916094,35.2316933]]},{"imagefile":"20191108_105015.tiff","M3x4":[[-0.830037475,-0.556614637,-0.034899503,8.487813],[0.556932628,-0.823961854,-0.104464792,-3.10340118],[0.0293907747,-0.106146365,0.993916094,35.1860962]]},{"imagefile":"20191108_105017.tiff","M3x4":[[-0.830037475,-0.556614637,-0.034899503,7.52659559],[0.556932628,-0.823961854,-0.104464792,-3.13214946],[0.0293907747,-0.106146365,0.993916094,35.1493263]]},{"imagefile":"20191108_105020.tiff","M3x4":[[-0.830037475,-0.556614637,-0.034899503,5.57098722],[0.556932628,-0.823961854,-0.104464792,-3.0766387],[0.0293907747,-0.106146365,0.993916094,34.7846565]]},{"imagefile":"20191108_105022.tiff","M3x4":[[-0.830037475,-0.556614637,-0.034899503,4.53456354],[0.556932628,-0.823961854,-0.104464792,-3.03675079],[0.0293907747,-0.106146365,0.993916094,34.6015358]]},{"imagefile":"20191108_105024.tiff","M3x4":[[-0.830037475,-0.556614637,-0.034899503,3.40152907],[0.556932628,-0.823961854,-0.104464792,-3.05088425],[0.0293907747,-0.106146365,0.993916094,34.7111855]]},{"imagefile":"20191108_105026.tiff","M3x4":[[-0.830037475,-0.556614637,-0.034899503,2.49003506],[0.556932628,-0.823961854,-0.104464792,-2.99425197],[0.0293907747,-0.106146365,0.993916094,34.4839058]]},{"imagefile":"20191108_105027.tiff","M3x4":[[-0.830037475,-0.556614637,-0.034899503,1.47533572],[0.556932628,-0.823961854,-0.104464792,-2.92113233],[0.0293907747,-0.106146365,0.993916094,34.556572]]},{"imagefile":"20191108_105029.tiff","M3x4":[[-0.830037475,-0.556614637,-0.034899503,0.478629082],[0.556932628,-0.823961854,-0.104464792,-2.76722813],[0.0293907747,-0.106146365,0.993916094,34.6383705]]},{"imagefile":"20191108_105031.tiff","M3x4":[[-0.830037475,-0.556614637,-0.034899503,-0.669559479],[0.556932628,-0.823961854,-0.104464792,-2.7454052],[0.0293907747,-0.106146365,0.993916094,34.65065]]},{"imagefile":"20191108_105032.tiff","M3x4":[[-0.830037475,-0.556614637,-0.034899503,-1.57192338],[0.556932628,-0.823961854,-0.104464792,-2.74722981],[0.0293907747,-0.106146365,0.993916094,34.5181618]]},{"imagefile":"20191108_105034.tiff","M3x4":[[-0.830037475,-0.556614637,-0.034899503,-2.6126523],[0.556932628,-0.823961854,-0.104464792,-2.5849216],[0.0293907747,-0.106146365,0.993916094,34.4483681]]},{"imagefile":"20191108_105035.tiff","M3x4":[[-0.830037475,-0.556614637,-0.034899503,-3.65433645],[0.556932628,-0.823961854,-0.104464792,-2.42100763],[0.0293907747,-0.106146365,0.993916094,34.579937]]},{"imagefile":"20191108_105037.tiff","M3x4":[[-0.830037475,-0.556614637,-0.034899503,-4.61738014],[0.556932628,-0.823961854,-0.104464792,-2.44169378],[0.0293907747,-0.106146365,0.993916094,34.5942535]]},{"imagefile":"20191108_105038.tiff","M3x4":[[-0.830037475,-0.556614637,-0.034899503,-5.63696289],[0.556932628,-0.823961854,-0.104464792,-2.5770905],[0.0293907747,-0.106146365,0.993916094,34.6448364]]},{"imagefile":"20191108_105040.tiff","M3x4":[[-0.830037475,-0.556614637,-0.034899503,-6.70509195],[0.556932628,-0.823961854,-0.104464792,-2.681499],[0.0293907747,-0.106146365,0.993916094,34.4957428]]},{"imagefile":"20191108_105041.tiff","M3x4":[[-0.830037475,-0.556614637,-0.034899503,-7.71875429],[0.556932628,-0.823961854,-0.104464792,-2.62327433],[0.0293907747,-0.106146365,0.993916094,34.3656616]]},{"imagefile":"20191108_105043.tiff","M3x4":[[-0.830037475,-0.556614637,-0.034899503,-8.68920898],[0.556932628,-0.823961854,-0.104464792,-2.4405849],[0.0293907747,-0.106146365,0.993916094,34.4010925]]},{"imagefile":"20191108_105045.tiff","M3x4":[[-0.830037475,-0.556614637,-0.034899503,-9.70802307],[0.556932628,-0.823961854,-0.104464792,-2.41131616],[0.0293907747,-0.106146365,0.993916094,34.4186974]]},{"imagefile":"20191108_105046.tiff","M3x4":[[-0.830037475,-0.556614637,-0.034899503,-10.7991829],[0.556932628,-0.823961854,-0.104464792,-2.35450697],[0.0293907747,-0.106146365,0.993916094,34.3863525]]},{"imagefile":"20191108_105048.tiff","M3x4":[[-0.830037475,-0.556614637,-0.034899503,-11.7650337],[0.556932628,-0.823961854,-0.104464792,-2.20769048],[0.0293907747,-0.106146365,0.993916094,34.4684868]]},{"imagefile":"20191108_105049.tiff","M3x4":[[-0.830037475,-0.556614637,-0.034899503,-12.7574339],[0.556932628,-0.823961854,-0.104464792,-2.17620921],[0.0293907747,-0.106146365,0.993916094,34.4369507]]},{"imagefile":"20191108_105051.tiff","M3x4":[[-0.830037475,-0.556614637,-0.034899503,-13.7836924],[0.556932628,-0.823961854,-0.104464792,-2.22781229],[0.0293907747,-0.106146365,0.993916094,34.4961014]]},{"imagefile":"20191108_105052.tiff","M3x4":[[-0.830037475,-0.556614637,-0.034899503,-14.7522936],[0.556932628,-0.823961854,-0.104464792,-2.19288564],[0.0293907747,-0.106146365,0.993916094,34.314846]]},{"imagefile":"20191108_105054.tiff","M3x4":[[-0.830037475,-0.556614637,-0.034899503,-15.8012009],[0.556932628,-0.823961854,-0.104464792,-1.99186885],[0.0293907747,-0.106146365,0.993916094,34.2991409]]},{"imagefile":"20191108_105055.tiff","M3x4":[[-0.830037475,-0.556614637,-0.034899503,-16.6183777],[0.556932628,-0.823961854,-0.104464792,-1.96940863],[0.0293907747,-0.106146365,0.993916094,34.3734245]]}]}