{"images":[{"imagefile":"20191108_105059.tiff","M3x4":[[-0.830037475,-0.556614637,-0.034899503,-16.7104759],[0.556932628,-0.823961854,-0.104464792,-4.32357168],[0.0293907747,-0.106146365,0.993916094,34.1730576]]},{"imagefile":"20191108_105101.tiff","M3x4":[[-0.830037475,-0.556614637,-0.034899503,-15.9322023],[0.556932628,-0.823961854,-0.104464792,-4.6110568],[0.0293907747,-0.106146365,0.993916094,34.1701736]]},{"imagefile":"20191108_105102.tiff","M3x4":[[-0.830037475,-0.556614637,-0.034899503,-14.785759],[0.556932628,-0.823961854,-0.104464792,-4.63809919],[0.0293907747,-0.106146365,0.993916094,34.2075844]]},{"imagefile":"20191108_105104.tiff","M3x4":[[-0.830037475,-0.556614637,-0.034899503,-13.8044558],[0.556932628,-0.823961854,-0.104464792,-4.73432302],[0.0293907747,-0.106146365,0.993916094,34.3828506]]},{"imagefile":"20191108_105105.tiff","M3x4":[[-0.830037475,-0.556614637,-0.034899503,-12.8255472],[0.556932628,-0.823961854,-0.104464792,-4.71133614],[0.0293907747,-0.106146365,0.993916094,34.2687149]]},{"imagefile":"20191108_105107.tiff","M3x4":[[-0.830037475,-0.556614637,-0.034899503,-11.8512201],[0.556932628,-0.823961854,-0.104464792,-4.8103137],[0.0293907747,-0.106146365,0.993916094,34.2925224]]},{"imagefile":"20191108_105109.tiff","M3x4":[[-0.830037475,-0.556614637,-0.034899503,-10.8657999],[0.556932628,-0.823961854,-0.104464792,-4.86268854],[0.0293907747,-0.106146365,0.993916094,34.5228462]]},{"imagefile":"20191108_105110.tiff","M3x4":[[-0.830037475,-0.556614637,-0.034899503,-9.71886826],[0.556932628,-0.823961854,-0.104464792,-4.96945286],[0.0293907747,-0.106146365,0.993916094,34.5518951]]},{"imagefile":"20191108_105114.tiff","M3x4":[[-0.830037475,-0.556614637,-0.034899503,-7.72040987],[0.556932628,-0.823961854,-0.104464792,-5.09531689],[0.0293907747,-0.106146365,0.993916094,34.4076157]]},{"imagefile":"20191108_105115.tiff","M3x4":[[-0.830037475,-0.556614637,-0.034899503,-6.7629838],[0.556932628,-0.823961854,-0.104464792,-5.16356373],[0.0293907747,-0.106146365,0.993916094,34.3837547]]},{"imagefile":"20191108_105117.tiff","M3x4":[[-0.830037475,-0.556614637,-0.034899503,-5.79541588],[0.556932628,-0.823961854,-0.104464792,-5.16546106],[0.0293907747,-0.106146365,0.993916094,34.4175301]]},{"imagefile":"20191108_105119.tiff","M3x4":[[-0.830037475,-0.556614637,-0.034899503,-4.66102219],[0.556932628,-0.823961854,-0.104464792,-5.23750401],[0.0293907747,-0.106146365,0.993916094,34.4497871]]},{"imagefile":"20191108_105120.tiff","M3x4":[[-0.830037475,-0.556614637,-0.034899503,-3.74832892],[0.556932628,-0.823961854,-0.104464792,-5.33560181],[0.0293907747,-0.106146365,0.993916094,34.4715271]]},{"imagefile":"20191108_105122.tiff","M3x4":[[-0.830037475,-0.556614637,-0.034899503,-2.74546075],[0.556932628,-0.823961854,-0.104464792,-5.35388231],[0.0293907747,-0.106146365,0.993916094,34.5551262]]},{"imagefile":"20191108_105124.tiff","M3x4":[[-0.830037475,-0.556614637,-0.034899503,-1.62553644],[0.556932628,-0.823961854,-0.104464792,-5.21201801],[0.0293907747,-0.106146365,0.993916094,34.4584389]]},{"imagefile":"20191108_105126.tiff","M3x4":[[-0.830037475,-0.556614637,-0.034899503,0.345144719],[0.556932628,-0.823961854,-0.104464792,-5.27205801],[0.0293907747,-0.106146365,0.993916094,34.5716362]]},{"imagefile":"20191108_105128.tiff","M3x4":[[-0.830037475,-0.556614637,-0.034899503,1.36608768],[0.556932628,-0.823961854,-0.104464792,-5.22284126],[0.0293907747,-0.106146365,0.993916094,34.6629639]]},{"imagefile":"20191108_105130.tiff","M3x4":[[-0.830037475,-0.556614637,-0.034899503,2.28936362],[0.556932628,-0.823961854,-0.104464792,-5.03677797],[0.0293907747,-0.106146365,0.993916094,34.7149391]]},{"imagefile":"20191108_105131.tiff","M3x4":[[-0.830037475,-0.556614637,-0.034899503,3.26854134],[0.556932628,-0.823961854,-0.104464792,-5.21149063],[0.0293907747,-0.106146365,0.993916094,34.7812614]]},{"imagefile":"20191108_105133.tiff","M3x4":[[-0.830037475,-0.556614637,-0.034899503,4.32884455],[0.556932628,-0.823961854,-0.104464792,-5.26121807],[0.0293907747,-0.106146365,0.993916094,34.8132668]]},{"imagefile":"20191108_105135.tiff","M3x4":[[-0.830037475,-0.556614637,-0.034899503,5.37965918],[0.556932628,-0.823961854,-0.104464792,-5.48358917],[0.0293907747,-0.106146365,0.993916094,34.7764854]]},{"imagefile":"20191108_105137.tiff","M3x4":[[-0.830037475,-0.556614637,-0.034899503,6.31404638],[0.556932628,-0.823961854,-0.104464792,-5.81456518],[0.0293907747,-0.106146365,0.993916094,34.7242012]]},{"imagefile":"20191108_105138.tiff","M3x4":[[-0.830037475,-0.556614637,-0.034899503,7.28589535],[0.556932628,-0.823961854,-0.104464792,-5.79918814],[0.0293907747,-0.106146365,0.993916094,34.8102493]]},{"imagefile":"20191108_105140.tiff","M3x4":[[-0.830037475,-0.556614637,-0.034899503,8.3679018],[0.556932628,-0.823961854,-0.104464792,-5.65784788],[0.0293907747,-0.106146365,0.993916094,34.9133987]]},{"imagefile":"20191108_105142.tiff","M3x4":[[-0.830037475,-0.556614637,-0.034899503,9.44025517],[0.556932628,-0.823961854,-0.104464792,-5.66257811],[0.0293907747,-0.106146365,0.993916094,34.9505615]]},{"imagefile":"20191108_105143.tiff","M3x4":[[-0.830037475,-0.556614637,-0.034899503,10.418211],[0.556932628,-0.823961854,-0.104464792,-5.63798952],[0.0293907747,-0.106146365,0.993916094,35.0377884]]},{"imagefile":"20191108_105145.tiff","M3x4":[[-0.830037475,-0.556614637,-0.034899503,11.3538074],[0.556932628,-0.823961854,-0.104464792,-5.58648729],[0.0293907747,-0.106146365,0.993916094,34.9251328]]},{"imagefile":"20191108_105146.tiff","M3x4":[[-0.830037475,-0.556614637,-0.034899503,11.9128656],[0.556932628,-0.823961854,-0.104464792,-5.59044266],[0.0293907747,-0.106146365,0.993916094,34.9946556]]}]}