{"images":[{"imagefile":"20191108_105151.tiff","M3x4":[[-0.830037475,-0.556614637,-0.034899503,11.6255484],[0.556932628,-0.823961854,-0.104464792,-8.4056797],[0.0293907747,-0.106146365,0.993916094,34.5880585]]},{"imagefile":"20191108_105152.tiff","M3x4":[[-0.830037475,-0.556614637,-0.034899503,10.6266346],[0.556932628,-0.823961854,-0.104464792,-8.31697273],[0.0293907747,-0.106146365,0.993916094,34.5623093]]},{"imagefile":"20191108_105154.tiff","M3x4":[[-0.830037475,-0.556614637,-0.034899503,9.74755383],[0.556932628,-0.823961854,-0.104464792,-8.0959301],[0.0293907747,-0.106146365,0.993916094,34.4540596]]},{"imagefile":"20191108_105155.tiff","M3x4":[[-0.830037475,-0.556614637,-0.034899503,8.74275398],[0.556932628,-0.823961854,-0.104464792,-7.91659832],[0.0293907747,-0.106146365,0.993916094,34.5885468]]},{"imagefile":"20191108_105157.tiff","M3x4":[[-0.830037475,-0.556614637,-0.034899503,7.75511932],[0.556932628,-0.823961854,-0.104464792,-7.94755983],[0.0293907747,-0.106146365,0.993916094,34.6009254]]},{"imagefile":"20191108_105159.tiff","M3x4":[[-0.830037475,-0.556614637,-0.034899503,6.61573601],[0.556932628,-0.823961854,-0.104464792,-7.93104315],[0.0293907747,-0.106146365,0.993916094,34.7135658]]},{"imagefile":"20191108_105201.tiff","M3x4":[[-0.830037475,-0.556614637,-0.034899503,5.59795618],[0.556932628,-0.823961854,-0.104464792,-7.9166646],[0.0293907747,-0.106146365,0.993916094,34.5284233]]},{"imagefile":"20191108_105202.tiff","M3x4":[[-0.830037475,-0.556614637,-0.034899503,4.69218349],[0.556932628,-0.823961854,-0.104464792,-7.94222212],[0.0293907747,-0.106146365,0.993916094,34.4939346]]},{"imagefile":"20191108_105204.tiff","M3x4":[[-0.830037475,-0.556614637,-0.034899503,3.56097746],[0.556932628,-0.823961854,-0.104464792,-7.96441793],[0.0293907747,-0.106146365,0.993916094,34.5524902]]},{"imagefile":"20191108_105205.tiff","M3x4":[[-0.830037475,-0.556614637,-0.034899503,2.68162012],[0.556932628,-0.823961854,-0.104464792,-7.98776197],[0.0293907747,-0.106146365,0.993916094,34.4688568]]},{"imagefile":"20191108_105207.tiff","M3x4":[[-0.830037475,-0.556614637,-0.034899503,1.65669763],[0.556932628,-0.823961854,-0.104464792,-7.96770477],[0.0293907747,-0.106146365,0.993916094,34.4852791]]},{"imagefile":"20191108_105209.tiff","M3x4":[[-0.830037475,-0.556614637,-0.034899503,0.626299024],[0.556932628,-0.823961854,-0.104464792,-7.90531874],[0.0293907747,-0.106146365,0.993916094,34.3047409]]},{"imagefile":"20191108_105211.tiff","M3x4":[[-0.830037475,-0.556614637,-0.034899503,-0.383875638],[0.556932628,-0.823961854,-0.104464792,-7.85478354],[0.0293907747,-0.106146365,0.993916094,34.425499]]},{"imagefile":"20191108_105212.tiff","M3x4":[[-0.830037475,-0.556614637,-0.034899503,-1.45004046],[0.556932628,-0.823961854,-0.104464792,-7.85413027],[0.0293907747,-0.106146365,0.993916094,34.3881302]]},{"imagefile":"20191108_105214.tiff","M3x4":[[-0.830037475,-0.556614637,-0.034899503,-2.54411983],[0.556932628,-0.823961854,-0.104464792,-7.90077257],[0.0293907747,-0.106146365,0.993916094,34.4454231]]},{"imagefile":"20191108_105215.tiff","M3x4":[[-0.830037475,-0.556614637,-0.034899503,-3.43784308],[0.556932628,-0.823961854,-0.104464792,-7.88133335],[0.0293907747,-0.106146365,0.993916094,34.4160881]]},{"imagefile":"20191108_105217.tiff","M3x4":[[-0.830037475,-0.556614637,-0.034899503,-4.43770981],[0.556932628,-0.823961854,-0.104464792,-7.77288485],[0.0293907747,-0.106146365,0.993916094,34.2414551]]},{"imagefile":"20191108_105219.tiff","M3x4":[[-0.830037475,-0.556614637,-0.034899503,-5.47745943],[0.556932628,-0.823961854,-0.104464792,-7.77001953],[0.0293907747,-0.106146365,0.993916094,34.1549454]]},{"imagefile":"20191108_105220.tiff","M3x4":[[-0.830037475,-0.556614637,-0.034899503,-6.55051947],[0.556932628,-0.823961854,-0.104464792,-7.78540802],[0.0293907747,-0.106146365,0.993916094,33.9647255]]},{"imagefile":"20191108_105222.tiff","M3x4":[[-0.830037475,-0.556614637,-0.034899503,-7.48674154],[0.556932628,-0.823961854,-0.104464792,-7.87031698],[0.0293907747,-0.106146365,0.993916094,33.9229317]]},{"imagefile":"20191108_105223.tiff","M3x4":[[-0.830037475,-0.556614637,-0.034899503,-8.51403332],[0.556932628,-0.823961854,-0.104464792,-7.88888645],[0.0293907747,-0.106146365,0.993916094,33.8345985]]},{"imagefile":"20191108_105225.tiff","M3x4":[[-0.830037475,-0.556614637,-0.034899503,-9.51706505],[0.556932628,-0.823961854,-0.104464792,-7.84403467],[0.0293907747,-0.106146365,0.993916094,33.7537918]]},{"imagefile":"20191108_105226.tiff","M3x4":[[-0.830037475,-0.556614637,-0.034899503,-10.6301146],[0.556932628,-0.823961854,-0.104464792,-7.81202316],[0.0293907747,-0.106146365,0.993916094,33.8186836]]},{"imagefile":"20191108_105228.tiff","M3x4":[[-0.830037475,-0.556614637,-0.034899503,-11.5388298],[0.556932628,-0.823961854,-0.104464792,-7.78320265],[0.0293907747,-0.106146365,0.993916094,33.6891975]]},{"imagefile":"20191108_105230.tiff","M3x4":[[-0.830037475,-0.556614637,-0.034899503,-12.5563869],[0.556932628,-0.823961854,-0.104464792,-7.6689887],[0.0293907747,-0.106146365,0.993916094,33.6654701]]},{"imagefile":"20191108_105231.tiff","M3x4":[[-0.830037475,-0.556614637,-0.034899503,-13.5471001],[0.556932628,-0.823961854,-0.104464792,-7.77683353],[0.0293907747,-0.106146365,0.993916094,33.7702637]]},{"imagefile":"20191108_105233.tiff","M3x4":[[-0.830037475,-0.556614637,-0.034899503,-14.600482],[0.556932628,-0.823961854,-0.104464792,-7.85076714],[0.0293907747,-0.106146365,0.993916094,33.7255058]]},{"imagefile":"20191108_105235.tiff","M3x4":[[-0.830037475,-0.556614637,-0.034899503,-15.6038952],[0.556932628,-0.823961854,-0.104464792,-7.89731693],[0.0293907747,-0.106146365,0.993916094,33.8362999]]},{"imagefile":"20191108_105237.tiff","M3x4":[[-0.830037475,-0.556614637,-0.034899503,-16.887455],[0.556932628,-0.823961854,-0.104464792,-8.04514313],[0.0293907747,-0.106146365,0.993916094,33.6750793]]}]}