{"images":[{"imagefile":"20191108_105241.tiff","M3x4":[[-0.830037475,-0.556614637,-0.034899503,-17.1974373],[0.556932628,-0.823961854,-0.104464792,-10.4680595],[0.0293907747,-0.106146365,0.993916094,33.35923]]},{"imagefile":"20191108_105243.tiff","M3x4":[[-0.830037475,-0.556614637,-0.034899503,-15.8365517],[0.556932628,-0.823961854,-0.104464792,-10.7161903],[0.0293907747,-0.106146365,0.993916094,33.2803268]]},{"imagefile":"20191108_105244.tiff","M3x4":[[-0.830037475,-0.556614637,-0.034899503,-15.2626619],[0.556932628,-0.823961854,-0.104464792,-10.7029505],[0.0293907747,-0.106146365,0.993916094,33.4527855]]},{"imagefile":"20191108_105246.tiff","M3x4":[[-0.830037475,-0.556614637,-0.034899503,-14.3978357],[0.556932628,-0.823961854,-0.104464792,-10.6102467],[0.0293907747,-0.106146365,0.993916094,33.5935059]]},{"imagefile":"20191108_105248.tiff","M3x4":[[-0.830037475,-0.556614637,-0.034899503,-13.2862043],[0.556932628,-0.823961854,-0.104464792,-10.7006254],[0.0293907747,-0.106146365,0.993916094,33.5727348]]},{"imagefile":"20191108_105250.tiff","M3x4":[[-0.830037475,-0.556614637,-0.034899503,-12.3501797],[0.556932628,-0.823961854,-0.104464792,-10.8733902],[0.0293907747,-0.106146365,0.993916094,33.6377487]]},{"imagefile":"20191108_105251.tiff","M3x4":[[-0.830037475,-0.556614637,-0.034899503,-11.273386],[0.556932628,-0.823961854,-0.104464792,-10.887414],[0.0293907747,-0.106146365,0.993916094,33.7243919]]},{"imagefile":"20191108_105253.tiff","M3x4":[[-0.830037475,-0.556614637,-0.034899503,-10.2568626],[0.556932628,-0.823961854,-0.104464792,-10.9685955],[0.0293907747,-0.106146365,0.993916094,33.6006355]]},{"imagefile":"20191108_105254.tiff","M3x4":[[-0.830037475,-0.556614637,-0.034899503,-9.34956741],[0.556932628,-0.823961854,-0.104464792,-11.0557871],[0.0293907747,-0.106146365,0.993916094,33.7742462]]},{"imagefile":"20191108_105256.tiff","M3x4":[[-0.830037475,-0.556614637,-0.034899503,-8.34797859],[0.556932628,-0.823961854,-0.104464792,-11.0011759],[0.0293907747,-0.106146365,0.993916094,33.7145424]]},{"imagefile":"20191108_105258.tiff","M3x4":[[-0.830037475,-0.556614637,-0.034899503,-7.21639013],[0.556932628,-0.823961854,-0.104464792,-10.9057131],[0.0293907747,-0.106146365,0.993916094,33.8146133]]},{"imagefile":"20191108_105259.tiff","M3x4":[[-0.830037475,-0.556614637,-0.034899503,-6.26673365],[0.556932628,-0.823961854,-0.104464792,-11.0016823],[0.0293907747,-0.106146365,0.993916094,33.8378754]]},{"imagefile":"20191108_105301.tiff","M3x4":[[-0.830037475,-0.556614637,-0.034899503,-5.23895216],[0.556932628,-0.823961854,-0.104464792,-11.0628338],[0.0293907747,-0.106146365,0.993916094,33.9178391]]},{"imagefile":"20191108_105302.tiff","M3x4":[[-0.830037475,-0.556614637,-0.034899503,-4.22147512],[0.556932628,-0.823961854,-0.104464792,-11.1637592],[0.0293907747,-0.106146365,0.993916094,33.9429588]]},{"imagefile":"20191108_105306.tiff","M3x4":[[-0.830037475,-0.556614637,-0.034899503,-2.07778215],[0.556932628,-0.823961854,-0.104464792,-11.2980194],[0.0293907747,-0.106146365,0.993916094,34.0544281]]},{"imagefile":"20191108_105307.tiff","M3x4":[[-0.830037475,-0.556614637,-0.034899503,-1.14780545],[0.556932628,-0.823961854,-0.104464792,-11.3354492],[0.0293907747,-0.106146365,0.993916094,33.9322319]]},{"imagefile":"20191108_105308.tiff","M3x4":[[-0.830037475,-0.556614637,-0.034899503,-0.203873143],[0.556932628,-0.823961854,-0.104464792,-11.3673687],[0.0293907747,-0.106146365,0.993916094,34.1129379]]},{"imagefile":"20191108_105310.tiff","M3x4":[[-0.830037475,-0.556614637,-0.034899503,0.892986],[0.556932628,-0.823961854,-0.104464792,-11.3485327],[0.0293907747,-0.106146365,0.993916094,34.1534309]]},{"imagefile":"20191108_105312.tiff","M3x4":[[-0.830037475,-0.556614637,-0.034899503,1.95947719],[0.556932628,-0.823961854,-0.104464792,-11.4023342],[0.0293907747,-0.106146365,0.993916094,34.1852226]]},{"imagefile":"20191108_105313.tiff","M3x4":[[-0.830037475,-0.556614637,-0.034899503,2.88111401],[0.556932628,-0.823961854,-0.104464792,-11.3744783],[0.0293907747,-0.106146365,0.993916094,34.1198997]]},{"imagefile":"20191108_105315.tiff","M3x4":[[-0.830037475,-0.556614637,-0.034899503,3.8465302],[0.556932628,-0.823961854,-0.104464792,-11.3151674],[0.0293907747,-0.106146365,0.993916094,34.2103386]]},{"imagefile":"20191108_105317.tiff","M3x4":[[-0.830037475,-0.556614637,-0.034899503,4.93594503],[0.556932628,-0.823961854,-0.104464792,-11.3772039],[0.0293907747,-0.106146365,0.993916094,34.2923775]]},{"imagefile":"20191108_105318.tiff","M3x4":[[-0.830037475,-0.556614637,-0.034899503,5.90825939],[0.556932628,-0.823961854,-0.104464792,-11.2837133],[0.0293907747,-0.106146365,0.993916094,34.1854286]]},{"imagefile":"20191108_105320.tiff","M3x4":[[-0.830037475,-0.556614637,-0.034899503,6.90177584],[0.556932628,-0.823961854,-0.104464792,-11.361515],[0.0293907747,-0.106146365,0.993916094,34.3630486]]},{"imagefile":"20191108_105322.tiff","M3x4":[[-0.830037475,-0.556614637,-0.034899503,7.9680233],[0.556932628,-0.823961854,-0.104464792,-11.3754559],[0.0293907747,-0.106146365,0.993916094,34.3990288]]},{"imagefile":"20191108_105325.tiff","M3x4":[[-0.830037475,-0.556614637,-0.034899503,10.0473051],[0.556932628,-0.823961854,-0.104464792,-11.4810305],[0.0293907747,-0.106146365,0.993916094,34.4106369]]},{"imagefile":"20191108_105327.tiff","M3x4":[[-0.830037475,-0.556614637,-0.034899503,11.1019678],[0.556932628,-0.823961854,-0.104464792,-11.4618578],[0.0293907747,-0.106146365,0.993916094,34.2484589]]},{"imagefile":"20191108_105328.tiff","M3x4":[[-0.830037475,-0.556614637,-0.034899503,12.0302],[0.556932628,-0.823961854,-0.104464792,-11.5045118],[0.0293907747,-0.106146365,0.993916094,34.1759567]]}]}