{"images":[{"imagefile":"20191108_105332.tiff","M3x4":[[-0.830037475,-0.556614637,-0.034899503,12.3018103],[0.556932628,-0.823961854,-0.104464792,-14.0128841],[0.0293907747,-0.106146365,0.993916094,33.8212471]]},{"imagefile":"20191108_105335.tiff","M3x4":[[-0.830037475,-0.556614637,-0.034899503,10.6396351],[0.556932628,-0.823961854,-0.104464792,-14.5921812],[0.0293907747,-0.106146365,0.993916094,33.7522964]]},{"imagefile":"20191108_105336.tiff","M3x4":[[-0.830037475,-0.556614637,-0.034899503,9.70988083],[0.556932628,-0.823961854,-0.104464792,-14.4367733],[0.0293907747,-0.106146365,0.993916094,33.6856804]]},{"imagefile":"20191108_105338.tiff","M3x4":[[-0.830037475,-0.556614637,-0.034899503,8.78958035],[0.556932628,-0.823961854,-0.104464792,-14.3929701],[0.0293907747,-0.106146365,0.993916094,33.7082748]]},{"imagefile":"20191108_105341.tiff","M3x4":[[-0.830037475,-0.556614637,-0.034899503,7.63253021],[0.556932628,-0.823961854,-0.104464792,-14.5103855],[0.0293907747,-0.106146365,0.993916094,33.8062248]]},{"imagefile":"20191108_105342.tiff","M3x4":[[-0.830037475,-0.556614637,-0.034899503,6.55661011],[0.556932628,-0.823961854,-0.104464792,-14.4846773],[0.0293907747,-0.106146365,0.993916094,33.5196152]]},{"imagefile":"20191108_105344.tiff","M3x4":[[-0.830037475,-0.556614637,-0.034899503,5.73259115],[0.556932628,-0.823961854,-0.104464792,-14.3518448],[0.0293907747,-0.106146365,0.993916094,33.6052551]]},{"imagefile":"20191108_105346.tiff","M3x4":[[-0.830037475,-0.556614637,-0.034899503,4.69235086],[0.556932628,-0.823961854,-0.104464792,-14.2692566],[0.0293907747,-0.106146365,0.993916094,33.5271072]]},{"imagefile":"20191108_105347.tiff","M3x4":[[-0.830037475,-0.556614637,-0.034899503,3.45041823],[0.556932628,-0.823961854,-0.104464792,-14.3244095],[0.0293907747,-0.106146365,0.993916094,33.5783119]]},{"imagefile":"20191108_105349.tiff","M3x4":[[-0.830037475,-0.556614637,-0.034899503,2.6280055],[0.556932628,-0.823961854,-0.104464792,-14.2994785],[0.0293907747,-0.106146365,0.993916094,33.4514427]]},{"imagefile":"20191108_105351.tiff","M3x4":[[-0.830037475,-0.556614637,-0.034899503,1.53954399],[0.556932628,-0.823961854,-0.104464792,-14.2571859],[0.0293907747,-0.106146365,0.993916094,33.51828]]},{"imagefile":"20191108_105352.tiff","M3x4":[[-0.830037475,-0.556614637,-0.034899503,0.416981012],[0.556932628,-0.823961854,-0.104464792,-14.2399817],[0.0293907747,-0.106146365,0.993916094,33.3297501]]},{"imagefile":"20191108_105353.tiff","M3x4":[[-0.830037475,-0.556614637,-0.034899503,-0.449372858],[0.556932628,-0.823961854,-0.104464792,-14.2380714],[0.0293907747,-0.106146365,0.993916094,33.4001465]]},{"imagefile":"20191108_105355.tiff","M3x4":[[-0.830037475,-0.556614637,-0.034899503,-1.43566656],[0.556932628,-0.823961854,-0.104464792,-14.1973743],[0.0293907747,-0.106146365,0.993916094,33.3697891]]},{"imagefile":"20191108_105357.tiff","M3x4":[[-0.830037475,-0.556614637,-0.034899503,-2.46265841],[0.556932628,-0.823961854,-0.104464792,-14.1293955],[0.0293907747,-0.106146365,0.993916094,33.4414864]]},{"imagefile":"20191108_105358.tiff","M3x4":[[-0.830037475,-0.556614637,-0.034899503,-3.53296304],[0.556932628,-0.823961854,-0.104464792,-14.0147562],[0.0293907747,-0.106146365,0.993916094,33.1644249]]},{"imagefile":"20191108_105400.tiff","M3x4":[[-0.830037475,-0.556614637,-0.034899503,-4.51639557],[0.556932628,-0.823961854,-0.104464792,-14.0151558],[0.0293907747,-0.106146365,0.993916094,33.2304649]]},{"imagefile":"20191108_105402.tiff","M3x4":[[-0.830037475,-0.556614637,-0.034899503,-5.5902462],[0.556932628,-0.823961854,-0.104464792,-14.0555105],[0.0293907747,-0.106146365,0.993916094,33.2388191]]},{"imagefile":"20191108_105403.tiff","M3x4":[[-0.830037475,-0.556614637,-0.034899503,-6.53355217],[0.556932628,-0.823961854,-0.104464792,-13.9901905],[0.0293907747,-0.106146365,0.993916094,33.2125664]]},{"imagefile":"20191108_105405.tiff","M3x4":[[-0.830037475,-0.556614637,-0.034899503,-7.57046318],[0.556932628,-0.823961854,-0.104464792,-13.8705826],[0.0293907747,-0.106146365,0.993916094,33.0378113]]},{"imagefile":"20191108_105406.tiff","M3x4":[[-0.830037475,-0.556614637,-0.034899503,-8.53827477],[0.556932628,-0.823961854,-0.104464792,-13.828826],[0.0293907747,-0.106146365,0.993916094,33.008213]]},{"imagefile":"20191108_105408.tiff","M3x4":[[-0.830037475,-0.556614637,-0.034899503,-9.57897949],[0.556932628,-0.823961854,-0.104464792,-13.8243561],[0.0293907747,-0.106146365,0.993916094,33.1230621]]},{"imagefile":"20191108_105410.tiff","M3x4":[[-0.830037475,-0.556614637,-0.034899503,-10.6963081],[0.556932628,-0.823961854,-0.104464792,-13.809617],[0.0293907747,-0.106146365,0.993916094,33.1356812]]},{"imagefile":"20191108_105411.tiff","M3x4":[[-0.830037475,-0.556614637,-0.034899503,-11.5574293],[0.556932628,-0.823961854,-0.104464792,-13.7920418],[0.0293907747,-0.106146365,0.993916094,33.0569878]]},{"imagefile":"20191108_105413.tiff","M3x4":[[-0.830037475,-0.556614637,-0.034899503,-12.5992222],[0.556932628,-0.823961854,-0.104464792,-13.880949],[0.0293907747,-0.106146365,0.993916094,32.8601418]]},{"imagefile":"20191108_105414.tiff","M3x4":[[-0.830037475,-0.556614637,-0.034899503,-13.6471491],[0.556932628,-0.823961854,-0.104464792,-13.8393755],[0.0293907747,-0.106146365,0.993916094,32.8277168]]},{"imagefile":"20191108_105416.tiff","M3x4":[[-0.830037475,-0.556614637,-0.034899503,-14.6518431],[0.556932628,-0.823961854,-0.104464792,-13.8130312],[0.0293907747,-0.106146365,0.993916094,32.795208]]},{"imagefile":"20191108_105418.tiff","M3x4":[[-0.830037475,-0.556614637,-0.034899503,-15.730299],[0.556932628,-0.823961854,-0.104464792,-13.8175211],[0.0293907747,-0.106146365,0.993916094,32.7568703]]},{"imagefile":"20191108_105419.tiff","M3x4":[[-0.830037475,-0.556614637,-0.034899503,-16.6127033],[0.556932628,-0.823961854,-0.104464792,-13.633503],[0.0293907747,-0.106146365,0.993916094,32.7452202]]}]}